$ANSIBLE_VAULT;1.1;AES256
34306331316165313537663537326564323664366639656266393863383961373038616462376635
3730653063656562313365353330626564663330323166300a353930316132303265643764356562
61613231333366303565333431303136333464623065346130343964313963633631326161666431
3963383639383665640a346134383136353935663561346436363237333538343132366665663533
64393930366630366562343438346262656163656565646536303463383239346661303635623961
34386266353233363233623931356431376530663661356534643731343231646237366664656231
64393033323662373163396635656365316663393562643435623136653530366532353937643463
30633834363638643863623066373465643630613336613163303962363362393530363232666632
64336263303962643430386535363332326239356235343965653038343634643135326666356534
34326537313239613339393332303530616164616230383765646637303663393436316336343134
34626132303235353939623961343162383732343939656331356536366234313738326536363665
62326566353561616330653763383834316235663930626363643431616338303136383936343663
33373733633862383137333562363865383739373639616631623761626365656333373365333836
61313339363335353533326462353031633332653534306139343734626461623235623030303132
64396362623661623530343064396431383334326533626566616665366637336630316338656138
34643066633861356237313337626432633566666434633663303630376562316330623737333463
64386233333663383037663365343934363266653566633761366639663431613937643363316261
66363632623065393261333063643263643761336634636230306163626639653566393232386435
66323363613931333561303761333230616635333939363536323434363034326466663163343436
36373236303338636363643764336662633861663330303461303365316365313531643837373832
39376364353035333036363830383439353865383036383439626566623738306339383837613230
63653561393262366234353639653462643830636330393861623766366366363663326665303035
65633237613061653730326361363461306664343664333664346630633166303862373038323063
33303837353137393964366566343733663037646139613232636265316430313739323761363865
35396136616462383430363836616432323039363130303533633839306430316333656336636539
33633930613064396239323463343063396531646563363631663830666238343035616461316566
65366265346663356263386239326136633762353465316164663632636238663537666332616361
34353364633032653630
